
Here are some preliminary benchmarks performed on a 20MHz 80386SX. The 
test is on a total of 16 files, a combination of ASCII, binary and 
graphical data totalling 3,141,622 bytes uncompressed.  (These files are 
the Corpus of test data presented in the book "Text Compression" by 
Bell, Cleary and Witten.)


Sorted by compressed size:

Program		Options     Size	Compress Time	Test Time
-------		-------    -------	-------------	---------
PKZIP 2.0	-ex	   1035189	215.41 (secs)	13.54 (secs)
ARJ 2.2		-m3	   1049742	412.32		36.66
PKZIP 2.0	-en	   1059902	129.81		16.02
ARJ 2.2		-m1	   1074840	217.72		37.16
LHA 2.1			   1107524	234.95		37.65
ARJ 2.2		-m2	   1107531	169.83		38.48
PKZIP 2.0	-es	   1142878	 85.11		20.53
PKZIP 1.10	-ex	   1154150	230.82		16.57
ARJ 2.2		-m4	   1290361	104.26		39.62
PKZIP 1.10	-es	   1332078	 51.14		27.36


Sorted by compress time:

Program		Options     Size	Compress Time	Test Time
-------		-------    -------	-------------	---------
PKZIP 1.10	-es	   1332078	 51.14		27.36
PKZIP 2.0	-es	   1142878	 85.11		20.53
ARJ 2.2		-m4	   1290361	104.26		39.62
PKZIP 2.0	-en	   1059902	129.81		16.02
ARJ 2.2		-m2	   1107531	169.83		38.48
PKZIP 2.0	-ex	   1035189	215.41		13.54
ARJ 2.2		-m1	   1074840	217.72		37.16
PKZIP 1.10	-ex	   1154150	230.82		16.57
LHA 2.1			   1107524	234.95		37.65
ARJ 2.2		-m3	   1049742	412.32		36.66


Sorted by test time:

Program		Options     Size	Compress Time	Test Time
-------		-------    -------	-------------	---------
PKZIP 2.0	-ex	   1035189	215.41		13.54
PKZIP 2.0	-en	   1059902	129.81		16.02
PKZIP 1.10	-ex	   1154150	230.82		16.57
PKZIP 2.0	-es	   1142878	 85.11		20.53
PKZIP 1.10	-es	   1332078	 51.14		27.36
ARJ 2.2		-m3	   1049742	412.32		36.66
ARJ 2.2		-m1	   1074840	217.72		37.16
LHA 2.1			   1107524	234.95		37.65
ARJ 2.2		-m2	   1107531	169.83		38.48
ARJ 2.2		-m4	   1290361	104.26		39.62


Sorted by program:

Program		Options     Size	Compress Time	Test Time
-------		-------    -------	-------------	---------
PKZIP 1.10	-ex	   1154150	230.82		16.57
PKZIP 1.10	-es	   1332078	 51.14		27.36

PKZIP 2.0	-ex	   1035189	215.41		13.54
PKZIP 2.0	-en	   1059902	129.81		16.02
PKZIP 2.0	-es	   1142878	 85.11		20.53

ARJ 2.2		-m3	   1049742	412.32		36.66
ARJ 2.2		-m1	   1074840	217.72		37.16
ARJ 2.2		-m2	   1107531	169.83		38.48
ARJ 2.2		-m4	   1290361	104.26		39.62

LHA 2.1			   1107524	234.95		37.65
